46.
36.
46.
47.
45.
37.
32.
38.
43.
43.
38.
39.
30.
42.
45.
36.
45.
34.
43.
43.
45.
33.
43.
47.
47.
41.
49.
33.
30.
43.
35.
38.
38.
33.
38.
31.
37.
43.
44.
32.
35.
38.
27.
47.
45.
39.
31.
49.
45.
38.
40.
41.
44.
48.
43.
42.
40.
40.
40.
42.
46.
48.
42.
46.
31.
45.
49.
41.
21.
36.
47.
35.
39.
40.
30.
45.
34.
44.
37.
42.
40.
41.
49.
53.
34.
48.
35.
26.
44.
38.
58.
37.
48.
31.
44.
37.
42.
48.
45.
55.
38.
42.
44.
36.
46.
42.
42.
33.
33.
38.
45.
37.
34.
48.
44.
41.
38.
53.
27.
30.
39.
32.
40.
47.
40.
50.
50.
40.
47.
42.
28.
45.
38.
43.
45.
36.
44.
44.
44.
46.
47.
31.
41.
33.
36.
42.
36.
29.
48.
37.
45.
38.
48.
36.
62.
39.
51.
44.
33.
45.
35.
37.
43.
41.
41.
40.
44.
35.
31.
44.
41.
36.
38.
41.
50.
48.
37.
31.
36.
61.
28.
40.
34.
34.
49.
42.
41.
30.
36.
48.
44.
37.
41.
37.
33.
42.
40.
34.
34.
36.
37.
33.
35.
35.
29.
34.
51.
30.
33.
30.
51.
42.
33.
42.
41.
33.
53.
38.
40.
47.
40.
34.
39.
41.
47.
38.
34.
40.
38.
44.
34.
39.
42.
32.
32.
35.
46.
49.
35.
34.
51.
33.
29.
37.
38.
43.
32.
44.
50.
40.
40.
36.
39.
38.
32.
37.
43.
46.
46.
43.
34.
39.
31.
40.
47.
49.
44.
39.
41.
28.
47.
38.
41.
46.
48.
36.
32.
48.
40.
49.
39.
37.
38.
36.
36.
43.
40.
41.
42.
52.
44.
52.
45.
35.
41.
34.
35.
43.
37.
37.
37.
36.
56.
33.
36.
45.
41.
29.
30.
33.
41.
41.
45.
51.
36.
41.
49.
47.
45.
33.
39.
32.
41.
40.
44.
38.
47.
42.
34.
33.
34.
41.
36.
33.
42.
42.
42.
30.
42.
33.
39.
34.
45.
43.
37.
37.
40.
32.
42.
42.
42.
38.
46.
48.
31.
41.
35.
41.
37.
52.
38.
37.
46.
33.
44.
36.
37.
42.
36.
35.
37.
42.
38.
41.
43.
36.
44.
29.
46.
34.
31.
37.
43.
41.
45.
41.
34.
43.
43.
40.
36.
37.
36.
40.
33.
43.
34.
29.
45.
44.
38.
40.
36.
48.
31.
30.
38.
43.
31.
39.
37.
53.
32.
43.
45.
41.
42.
33.
32.
39.
39.
37.
38.
40.
31.
21.
44.
42.
42.
40.
27.
47.
40.
41.
32.
34.
36.
44.
43.
30.
48.
50.
37.
36.
38.
42.
32.
41.
40.
48.
43.
32.
50.
28.
36.
32.
45.
45.
34.
37.
56.
41.
40.
45.
49.
47.
48.
40.
33.
38.
39.
49.
36.
32.
40.
46.
43.
42.
40.
34.
48.
31.
38.
31.
38.
33.
43.
48.
47.
43.
46.
32.
45.
35.
44.
28.
47.
39.
46.
40.
37.
38.
30.
55.
36.
47.
39.
31.
50.
46.
43.
48.
41.
43.
37.
43.
42.
38.
31.
24.
44.
30.
41.
44.
45.
35.
41.
36.
39.
40.
53.
33.
37.
35.
43.
36.
39.
40.
44.
39.
45.
32.
40.
42.
34.
38.
47.
44.
37.
48.
42.
30.
38.
54.
40.
45.
40.
37.
38.
39.
49.
38.
39.
56.
25.
31.
43.
37.
39.
37.
38.
34.
40.
40.
43.
46.
40.
40.
47.
30.
44.
32.
33.
33.
44.
36.
39.
36.
35.
43.
49.
41.
41.
35.
41.
34.
41.
32.
42.
35.
43.
40.
43.
43.
44.
32.
45.
32.
28.
48.
47.
48.
39.
41.
39.
39.
34.
43.
40.
46.
38.
34.
44.
36.
35.
34.
46.
28.
31.
28.
43.
38.
36.
45.
33.
37.
49.
33.
49.
41.
27.
42.
40.
42.
35.
38.
29.
36.
34.
38.
32.
52.
54.
33.
36.
42.
41.
39.
31.
41.
45.
44.
35.
32.
38.
33.
41.
36.
45.
45.
41.
33.
45.
40.
41.
45.
28.
43.
38.
41.
47.
35.
39.
32.
50.
33.
47.
37.
37.
47.
32.
35.
42.
34.
40.
44.
44.
40.
40.
28.
35.
39.
50.
29.
27.
36.
25.
38.
39.
37.
31.
36.
46.
46.
46.
37.
46.
30.
37.
30.
40.
41.
43.
40.
42.
25.
51.
50.
35.
42.
34.
41.
28.
39.
42.
33.
59.
35.
48.
42.
30.
55.
49.
31.
41.
46.
40.
31.
54.
38.
38.
42.
36.
42.
41.
35.
47.
43.
42.
27.
46.
35.
37.
39.
42.
43.
39.
45.
40.
49.
42.
41.
39.
37.
34.
36.
47.
44.
34.
40.
45.
45.
44.
42.
30.
38.
48.
45.
40.
36.
43.
32.
42.
38.
41.
28.
34.
48.
36.
38.
40.
36.
47.
33.
42.
41.
38.
37.
25.
40.
41.
33.
52.
38.
37.
39.
28.
46.
38.
39.
40.
48.
42.
46.
41.
50.
44.
44.
39.
43.
36.
43.
39.
44.
26.
39.
37.
30.
47.
29.
53.
36.
52.
40.
38.
49.
47.
43.
59.
38.
38.
42.
43.
50.
41.
38.
38.
38.
29.
33.
43.
35.
44.
46.
36.
41.
43.
39.
38.
46.
40.
38.
47.
36.
46.
39.
46.
34.
37.
30.
42.
40.
35.
40.
50.
45.
34.
40.
40.
35.
46.
40.
37.
37.
47.
50.
38.
32.
41.
41.
43.
43.
50.
39.
29.
36.
48.
38.
42.
30.
37.
46.
46.
39.
43.
54.
41.
38.
44.
42.
43.
34.
29.
39.
41.
47.
37.
38.
40.
35.
31.
40.
38.
40.
24.
46.
39.
35.
34.
47.
34.
35.
36.
39.
38.
48.
27.
40.
47.
47.
44.
36.
50.
44.
42.
48.
47.
34.
39.
38.
41.
32.
46.
48.
34.
43.
51.
38.
38.
36.
44.
44.
56.
29.
43.
29.
37.
28.
37.
36.
45.
38.
37.
40.
44.
34.
49.
45.
44.
35.
30.
30.
38.
43.
50.
35.
44.
35.
40.
40.
